[
0,
66,
96,
162,
272,
250,
336,
490,
416,
522,
740,
726,
840,
910,
1092,
1200,
1280,
1360,
1476,
1558,
1120,
1470,
1056,
1288,
1776,
1500,
1716,
2052,
1736,
1972,
2040,
2418,
2304,
1782,
2788,
2660,
2376,
3108,
2964,
2652,
3040,
3362,
3276,
3354,
2992,
3240,
3312,
3760,
3936,
4018,
2900,
3774,
3328,
3392,
3888,
2750,
3248,
4332,
3596,
4012,
4200,
5002,
4712,
4410,
5120,
4810,
3696,
5628,
5304,
4692,
5460,
5964,
5760,
5840,
6216,
6000,
6080,
5390,
5772,
5846,
4800,
6156,
5412,
5478,
6384,
5610,
5676,
6438,
4576,
5340,
6480,
7644,
7176,
6696,
7896,
7410,
6912,
7954,
7448,
5742,
5800,
9494,
7752,
8446,
9984,
8190,
8904,
10486,
8640,
9374,
6380,
5550,
6048,
6102,
7068,
7360,
7424,
7488,
7788,
7854,
7440,
9196,
6588,
7626,
9920,
8250,
9072,
10414,
8704,
9546,
8840,
10218,
9504,
7182,
10988,
10260,
8976,
11508,
10764,
9452,
9800,
10716,
10224,
10296,
8928,
9570,
9636,
10878,
11248,
11324,
10800,
13288,
11856,
11934,
13244,
9920,
11232,
14130,
12008,
13038,
12480,
14490,
13608,
12714,
14432,
13530,
10624,
15364,
14448,
12844,
12240,
13338,
12728,
12802,
13572,
12950,
13024,
11328,
12104,
12172,
13320,
16290,
14560,
14640,
16560,
14800,
14880,
16456,
12408,
13986,
15200,
17572,
16512,
15440,
17848,
16770,
15680,
17730,
16632,
13134,
9600,
16884,
13332,
14616,
17544,
13940,
15244,
18216,
14560,
15884,
14700,
13082,
13992,
14058,
15836,
16340,
16416,
16492,
17004,
17082,
10560,
13702,
8880,
10704,
14784,
11700,
13108,
15436,
12312,
13740,
14260,
16632,
15312,
11184,
17784,
16450,
14160,
18486,
17136,
14818,
17760,
19280,
18392,
18468,
16104,
17150,
17220,
19266,
19840,
19920,
15000,
19076,
16632,
16698,
18796,
13260,
15360,
20046,
16512,
18130,
18720,
21924,
20436,
18936,
21648,
20140,
15428,
22962,
21440,
18830,
20520,
22222,
21216,
21294,
22468,
21450,
21528,
18836,
20016,
20088,
17360,
21918,
19176,
19244,
22152,
19380,
19448,
21812,
15552,
17918,
21460,
25026,
23360,
21682,
25284,
23600,
21904,
24948,
23244,
17940,
13200,
24080,
18724,
20604,
24928,
19520,
21420,
25788,
20328,
22248,
19220,
16794,
18096,
18154,
20724,
21420,
21488,
21556,
22260,
22330,
17920,
22470,
15456,
18088,
23976,
19500,
21516,
24852,
20336,
22372,
14520,
17874,
15936,
9990,
19372,
17420,
14112,
20220,
18252,
14916,
22440,
24552,
23256,
23324,
19952,
21390,
21452,
24290,
25056,
25128,
21000,
26676,
23232,
23298,
26196,
18460,
21360,
27846,
22912,
25130,
20160,
24548,
22444,
20328,
24024,
21900,
15372,
25690,
23552,
19926,
25160,
27454,
26040,
26110,
27676,
26250,
26320,
22620,
24192,
24256,
23560,
29718,
25976,
26044,
29952,
26180,
26248,
29412,
20952,
24118,
22620,
27370,
25088,
22794,
27580,
25280,
22968,
26996,
24676,
17556,
24000,
38496,
31356,
33852,
39592,
32400,
34916,
40700,
33456,
35992,
30340,
27126,
28840,
28910,
32292,
33200,
33280,
33360,
34276,
34358,
29400,
35364,
26164,
29610,
37312,
31450,
34080,
38430,
32528,
35178,
32680,
37066,
34560,
26846,
39060,
36540,
32264,
40204,
37668,
33364,
26400,
29106,
27404,
27466,
23088,
24920,
24976,
28608,
29568,
29634,
28800,
36080,
31640,
31710,
35412,
25480,
29184,
37474,
31144,
33966,
32200,
37802,
35112,
32410,
37120,
34410,
26096,
39228,
36504,
31892,
33840,
36738,
34928,
35002,
36972,
35150,
35224,
30528,
32504,
32572,
35520,
43290,
38560,
38640,
43560,
38800,
38880,
42856,
32208,
36186,
39200,
45172,
42312,
39440,
45448,
42570,
39680,
44730,
41832,
32934,
25000,
43086,
34136,
37222,
44352,
35350,
38456,
45630,
36576,
39702,
37740,
33726,
35840,
35910,
40092,
41200,
41280,
41360,
42476,
42558,
33280,
40638,
29232,
33472,
42968,
35700,
38924,
44268,
36960,
40204,
37100,
42480,
39368,
29848,
44856,
41730,
36448,
46182,
43040,
37730,
38880,
42198,
40108,
40182,
34816,
37060,
37128,
41572,
42744,
42822,
27500,
36366,
30912,
30968,
35456,
23310,
27800,
37876,
30132,
33540,
35840,
42636,
39340,
36032,
41736,
38420,
28300,
44226,
40896,
35278,
43320,
46822,
44616,
44694,
47068,
44850,
44928,
39236,
41616,
41688,
35960,
45318,
39576,
39644,
45552,
39780,
39848,
44612,
31752,
36518,
43660,
50826,
47360,
43882,
51084,
47600,
44104,
50148,
46644,
35940,
27600,
49282,
38528,
42210,
50736,
39930,
43632,
52202,
41344,
45066,
40260,
35438,
37944,
38006,
42980,
44280,
44352,
44424,
45732,
45806,
37200,
45954,
32344,
37380,
48672,
40000,
43820,
50160,
41448,
45288,
37800,
44170,
40448,
29118,
46916,
43180,
36888,
48412,
44660,
38340,
40960,
44870,
42372,
42438,
36064,
38700,
38760,
43996,
45360,
45430,
37700,
48174,
41728,
41792,
47088,
32750,
38048,
49932,
40796,
44812,
30360,
38338,
34424,
30498,
37184,
33250,
21312,
40020,
36072,
29436,
45560,
49654,
47040,
47110,
49876,
47250,
47320,
40620,
43392,
43456,
42160,
53118,
46376,
46444,
53352,
46580,
46648,
52212,
37152,
42718,
40020,
48370,
44288,
40194,
48580,
44480,
40368,
47396,
43276,
30756,
43400,
68698,
56160,
60458,
70400,
57810,
62128,
72114,
59472,
63810,
53960,
48348,
51264,
51336,
57120,
58630,
58712,
58794,
60312,
60396,
51840,
62006,
46208,
52056,
65160,
55100,
59532,
66884,
56784,
61236,
56940,
64328,
60024,
46912,
67528,
63210,
55936,
69278,
64944,
57642,
56240,
60762,
57876,
57954,
50592,
53640,
53712,
59760,
61336,
61418,
54000,
66088,
58656,
58734,
64844,
48320,
54432,
68130,
57608,
62238,
59280,
68490,
64008,
59514,
67232,
62730,
49024,
70564,
66048,
58444,
47740,
52428,
49408,
49472,
52632,
49600,
49664,
41958,
45124,
45182,
51480,
64042,
56304,
56376,
64288,
56520,
56592,
62960,
45704,
52074,
56880,
66444,
61776,
57096,
66696,
62010,
57312,
65354,
60648,
46342,
41600,
70488,
56140,
61028,
72360,
57960,
62868,
74244,
59792,
64720,
61560,
55148,
58464,
58536,
65120,
66830,
66912,
66994,
68712,
68796,
54120,
65680,
47676,
54318,
69216,
57750,
62776,
71122,
59616,
64662,
59760,
68142,
63232,
48314,
71724,
66800,
58520,
73656,
68716,
60408,
63840,
68962,
65676,
65754,
57392,
60840,
60912,
67760,
69536,
69618,
56100,
69782,
61344,
61416,
68320,
49590,
56496,
71988,
60060,
65284,
61920,
72324,
67236,
62136,
70848,
65740,
50228,
74562,
69440,
60830,
64380,
69680,
66272,
66348,
69920,
66500,
66576,
57882,
61460,
61530,
45760,
59908,
51156,
51214,
60112,
51330,
51388,
58542,
39072,
46228,
58740,
69498,
64224,
58938,
69732,
64440,
59136,
68172,
62860,
46748,
43200,
75684,
59532,
65016,
77744,
61540,
67044,
79816,
63560,
69084,
61880,
54660,
58368,
58432,
65808,
67710,
67784,
67858,
69768,
69844,
57040,
69996,
49788,
57226,
73920,
61050,
66672,
76014,
63104,
68746,
57660,
67032,
61512,
44784,
70984,
65450,
56160,
73086,
67536,
58218,
63920,
69634,
65940,
66010,
56640,
60480,
60544,
68184,
70152,
70226,
58900,
74178,
64736,
64804,
72504,
51570,
59272,
76560,
63228,
69048,
59520,
71114,
65416,
59706,
69408,
63690,
46368,
73492,
67760,
58140,
64020,
69912,
66096,
66164,
70128,
66300,
66368,
56666,
60636,
60698,
58800,
74556,
64812,
64878,
74784,
65010,
65076,
73038,
51376,
59340,
47520,
59460,
53568,
47664,
59640,
53730,
47808,
57826,
51896,
33966,
]